1.599998 0.299997 0.513166 -1.570796 -0.702799 -3.141593
1.599998 0.264875 0.539312 -1.570796 -0.572980 -3.141593
1.599998 0.229668 0.558761 -1.570796 -0.433584 -3.141593
1.599998 0.194371 0.572174 -1.570796 -0.291792 -3.141593
1.599998 0.158978 0.580214 -1.570796 -0.156011 -3.141593
1.599998 0.123487 0.583544 -1.570796 -0.033620 -3.141593
1.599998 0.087891 0.582825 -1.570796 0.070603 3.141593
1.599998 0.052186 0.578722 -1.570796 0.154658 3.141593
1.599998 0.016367 0.571896 -1.570796 0.218515 3.141593
1.599998 -0.019569 0.563009 -1.570796 0.263106 3.141593
1.599998 -0.055628 0.552725 -1.570796 0.289567 3.141593
1.599998 -0.091815 0.541705 -1.570796 0.298798 3.141593
1.599998 -0.128134 0.530613 -1.570796 0.291252 3.141593
1.599998 -0.164590 0.520111 -1.570796 0.266896 3.141593
1.599998 -0.201187 0.510860 -1.570796 0.225274 3.141593
1.599998 -0.237931 0.503525 -1.570796 0.165702 3.141593
1.599998 -0.274825 0.498767 -1.570796 0.087647 3.141593
1.599998 -0.311875 0.497248 -1.570796 -0.008681 -3.141593
1.599998 -0.349085 0.499632 -1.570796 -0.121568 -3.141593
1.599998 -0.386459 0.506581 -1.570796 -0.247172 -3.141593
1.578946 -0.386459 0.506581 -1.570796 -0.247172 -3.141593
1.578946 -0.349085 0.499632 -1.570796 -0.121568 -3.141593
1.578946 -0.311875 0.497248 -1.570796 -0.008681 -3.141593
1.578946 -0.274825 0.498767 -1.570796 0.087647 3.141593
1.578946 -0.237931 0.503525 -1.570796 0.165702 3.141593
1.578946 -0.201187 0.510860 -1.570796 0.225274 3.141593
1.578946 -0.164590 0.520111 -1.570796 0.266896 3.141593
1.578946 -0.128134 0.530613 -1.570796 0.291252 3.141593
1.578946 -0.091815 0.541705 -1.570796 0.298798 3.141593
1.578946 -0.055628 0.552725 -1.570796 0.289567 3.141593
1.578946 -0.019569 0.563009 -1.570796 0.263106 3.141593
1.578946 0.016367 0.571896 -1.570796 0.218515 3.141593
1.578946 0.052186 0.578722 -1.570796 0.154658 3.141593
1.578946 0.087891 0.582825 -1.570796 0.070603 3.141593
1.578946 0.123487 0.583544 -1.570796 -0.033620 -3.141593
1.578946 0.158978 0.580214 -1.570796 -0.156011 -3.141593
1.578946 0.194371 0.572174 -1.570796 -0.291792 -3.141593
1.578946 0.229668 0.558761 -1.570796 -0.433584 -3.141593
1.578946 0.264875 0.539312 -1.570796 -0.572980 -3.141593
1.578946 0.299997 0.513166 -1.570796 -0.702799 -3.141593
1.557893 0.299997 0.513166 -1.570796 -0.702799 -3.141593
1.557893 0.264875 0.539312 -1.570796 -0.572980 -3.141593
1.557893 0.229668 0.558761 -1.570796 -0.433584 -3.141593
1.557893 0.194371 0.572174 -1.570796 -0.291792 -3.141593
1.557893 0.158978 0.580214 -1.570796 -0.156011 -3.141593
1.557893 0.123487 0.583544 -1.570796 -0.033620 -3.141593
1.557893 0.087891 0.582825 -1.570796 0.070603 3.141593
1.557893 0.052186 0.578722 -1.570796 0.154658 3.141593
1.557893 0.016367 0.571896 -1.570796 0.218515 3.141593
1.557893 -0.019569 0.563009 -1.570796 0.263106 3.141593
1.557893 -0.055628 0.552725 -1.570796 0.289567 3.141593
1.557893 -0.091815 0.541705 -1.570796 0.298798 3.141593
1.557893 -0.128134 0.530613 -1.570796 0.291252 3.141593
1.557893 -0.164590 0.520111 -1.570796 0.266896 3.141593
1.557893 -0.201187 0.510860 -1.570796 0.225274 3.141593
1.557893 -0.237931 0.503525 -1.570796 0.165702 3.141593
1.557893 -0.274825 0.498767 -1.570796 0.087647 3.141593
1.557893 -0.311875 0.497248 -1.570796 -0.008681 -3.141593
1.557893 -0.349085 0.499632 -1.570796 -0.121568 -3.141593
1.557893 -0.386459 0.506581 -1.570796 -0.247172 -3.141593
1.536841 -0.386459 0.506581 -1.570796 -0.247172 -3.141593
1.536841 -0.349085 0.499632 -1.570796 -0.121568 -3.141593
1.536841 -0.311875 0.497248 -1.570796 -0.008681 -3.141593
1.536841 -0.274825 0.498767 -1.570796 0.087647 3.141593
1.536841 -0.237931 0.503525 -1.570796 0.165702 3.141593
1.536841 -0.201187 0.510860 -1.570796 0.225274 3.141593
1.536841 -0.164590 0.520111 -1.570796 0.266896 3.141593
1.536841 -0.128134 0.530613 -1.570796 0.291252 3.141593
1.536841 -0.091815 0.541705 -1.570796 0.298798 3.141593
1.536841 -0.055628 0.552725 -1.570796 0.289567 3.141593
1.536841 -0.019569 0.563009 -1.570796 0.263106 3.141593
1.536841 0.016367 0.571896 -1.570796 0.218515 3.141593
1.536841 0.052186 0.578722 -1.570796 0.154658 3.141593
1.536841 0.087891 0.582825 -1.570796 0.070603 3.141593
1.536841 0.123487 0.583544 -1.570796 -0.033620 -3.141593
1.536841 0.158978 0.580214 -1.570796 -0.156011 -3.141593
1.536841 0.194371 0.572174 -1.570796 -0.291792 -3.141593
1.536841 0.229668 0.558761 -1.570796 -0.433584 -3.141593
1.536841 0.264875 0.539312 -1.570796 -0.572980 -3.141593
1.536841 0.299997 0.513166 -1.570796 -0.702799 -3.141593
1.515788 0.299997 0.513166 -1.570796 -0.702799 -3.141593
1.515788 0.264875 0.539312 -1.570796 -0.572980 -3.141593
1.515788 0.229668 0.558761 -1.570796 -0.433584 -3.141593
1.515788 0.194371 0.572174 -1.570796 -0.291792 -3.141593
1.515788 0.158978 0.580214 -1.570796 -0.156011 -3.141593
1.515788 0.123487 0.583544 -1.570796 -0.033620 -3.141593
1.515788 0.087891 0.582825 -1.570796 0.070603 3.141593
1.515788 0.052186 0.578722 -1.570796 0.154658 3.141593
1.515788 0.016367 0.571896 -1.570796 0.218515 3.141593
1.515788 -0.019569 0.563009 -1.570796 0.263106 3.141593
1.515788 -0.055628 0.552725 -1.570796 0.289567 3.141593
1.515788 -0.091815 0.541705 -1.570796 0.298798 3.141593
1.515788 -0.128134 0.530613 -1.570796 0.291252 3.141593
1.515788 -0.164590 0.520111 -1.570796 0.266896 3.141593
1.515788 -0.201187 0.510860 -1.570796 0.225274 3.141593
1.515788 -0.237931 0.503525 -1.570796 0.165702 3.141593
1.515788 -0.274825 0.498767 -1.570796 0.087647 3.141593
1.515788 -0.311875 0.497248 -1.570796 -0.008681 -3.141593
1.515788 -0.349085 0.499632 -1.570796 -0.121568 -3.141593
1.515788 -0.386459 0.506581 -1.570796 -0.247172 -3.141593
1.494736 -0.386459 0.506581 -1.570796 -0.247172 -3.141593
1.494736 -0.349085 0.499632 -1.570796 -0.121568 -3.141593
1.494736 -0.311875 0.497248 -1.570796 -0.008681 -3.141593
1.494736 -0.274825 0.498767 -1.570796 0.087647 3.141593
1.494736 -0.237931 0.503525 -1.570796 0.165702 3.141593
1.494736 -0.201187 0.510860 -1.570796 0.225274 3.141593
1.494736 -0.164590 0.520111 -1.570796 0.266896 3.141593
1.494736 -0.128134 0.530613 -1.570796 0.291252 3.141593
1.494736 -0.091815 0.541705 -1.570796 0.298798 3.141593
1.494736 -0.055628 0.552725 -1.570796 0.289567 3.141593
1.494736 -0.019569 0.563009 -1.570796 0.263106 3.141593
1.494736 0.016367 0.571896 -1.570796 0.218515 3.141593
1.494736 0.052186 0.578722 -1.570796 0.154658 3.141593
1.494736 0.087891 0.582825 -1.570796 0.070603 3.141593
1.494736 0.123487 0.583544 -1.570796 -0.033620 -3.141593
1.494736 0.158978 0.580214 -1.570796 -0.156011 -3.141593
1.494736 0.194371 0.572174 -1.570796 -0.291792 -3.141593
1.494736 0.229668 0.558761 -1.570796 -0.433584 -3.141593
1.494736 0.264875 0.539312 -1.570796 -0.572980 -3.141593
1.494736 0.299997 0.513166 -1.570796 -0.702799 -3.141593
1.473683 0.299997 0.513166 -1.570796 -0.702799 -3.141593
1.473683 0.264875 0.539312 -1.570796 -0.572980 -3.141593
1.473683 0.229668 0.558761 -1.570796 -0.433584 -3.141593
1.473683 0.194371 0.572174 -1.570796 -0.291792 -3.141593
1.473683 0.158978 0.580214 -1.570796 -0.156011 -3.141593
1.473683 0.123487 0.583544 -1.570796 -0.033620 -3.141593
1.473683 0.087891 0.582825 -1.570796 0.070603 3.141593
1.473683 0.052186 0.578722 -1.570796 0.154658 3.141593
1.473683 0.016367 0.571896 -1.570796 0.218515 3.141593
1.473683 -0.019569 0.563009 -1.570796 0.263106 3.141593
1.473683 -0.055628 0.552725 -1.570796 0.289567 3.141593
1.473683 -0.091815 0.541705 -1.570796 0.298798 3.141593
1.473683 -0.128134 0.530613 -1.570796 0.291252 3.141593
1.473683 -0.164590 0.520111 -1.570796 0.266896 3.141593
1.473683 -0.201187 0.510860 -1.570796 0.225274 3.141593
1.473683 -0.237931 0.503525 -1.570796 0.165702 3.141593
1.473683 -0.274825 0.498767 -1.570796 0.087647 3.141593
1.473683 -0.311875 0.497248 -1.570796 -0.008681 -3.141593
1.473683 -0.349085 0.499632 -1.570796 -0.121568 -3.141593
1.473683 -0.386459 0.506581 -1.570796 -0.247172 -3.141593
1.452631 -0.386459 0.506581 -1.570796 -0.247172 -3.141593
1.452631 -0.349085 0.499632 -1.570796 -0.121568 -3.141593
1.452631 -0.311875 0.497248 -1.570796 -0.008681 -3.141593
1.452631 -0.274825 0.498767 -1.570796 0.087647 3.141593
1.452631 -0.237931 0.503525 -1.570796 0.165702 3.141593
1.452631 -0.201187 0.510860 -1.570796 0.225274 3.141593
1.452631 -0.164590 0.520111 -1.570796 0.266896 3.141593
1.452631 -0.128134 0.530613 -1.570796 0.291252 3.141593
1.452631 -0.091815 0.541705 -1.570796 0.298798 3.141593
1.452631 -0.055628 0.552725 -1.570796 0.289567 3.141593
1.452631 -0.019569 0.563009 -1.570796 0.263106 3.141593
1.452631 0.016367 0.571896 -1.570796 0.218515 3.141593
1.452631 0.052186 0.578722 -1.570796 0.154658 3.141593
1.452631 0.087891 0.582825 -1.570796 0.070603 3.141593
1.452631 0.123487 0.583544 -1.570796 -0.033620 -3.141593
1.452631 0.158978 0.580214 -1.570796 -0.156011 -3.141593
1.452631 0.194371 0.572174 -1.570796 -0.291792 -3.141593
1.452631 0.229668 0.558761 -1.570796 -0.433584 -3.141593
1.452631 0.264875 0.539312 -1.570796 -0.572980 -3.141593
1.452631 0.299997 0.513166 -1.570796 -0.702799 -3.141593
1.431579 0.299997 0.513166 -1.570796 -0.702799 -3.141593
1.431579 0.264875 0.539312 -1.570796 -0.572980 -3.141593
1.431579 0.229668 0.558761 -1.570796 -0.433584 -3.141593
1.431579 0.194371 0.572174 -1.570796 -0.291792 -3.141593
1.431579 0.158978 0.580214 -1.570796 -0.156011 -3.141593
1.431579 0.123487 0.583544 -1.570796 -0.033620 -3.141593
1.431579 0.087891 0.582825 -1.570796 0.070603 3.141593
1.431579 0.052186 0.578722 -1.570796 0.154658 3.141593
1.431579 0.016367 0.571896 -1.570796 0.218515 3.141593
1.431579 -0.019569 0.563009 -1.570796 0.263106 3.141593
1.431579 -0.055628 0.552725 -1.570796 0.289567 3.141593
1.431579 -0.091815 0.541705 -1.570796 0.298798 3.141593
1.431579 -0.128134 0.530613 -1.570796 0.291252 3.141593
1.431579 -0.164590 0.520111 -1.570796 0.266896 3.141593
1.431579 -0.201187 0.510860 -1.570796 0.225274 3.141593
1.431579 -0.237931 0.503525 -1.570796 0.165702 3.141593
1.431579 -0.274825 0.498767 -1.570796 0.087647 3.141593
1.431579 -0.311875 0.497248 -1.570796 -0.008681 -3.141593
1.431579 -0.349085 0.499632 -1.570796 -0.121568 -3.141593
1.431579 -0.386459 0.506581 -1.570796 -0.247172 -3.141593
1.410526 -0.386459 0.506581 -1.570796 -0.247172 -3.141593
1.410526 -0.349085 0.499632 -1.570796 -0.121568 -3.141593
1.410526 -0.311875 0.497248 -1.570796 -0.008681 -3.141593
1.410526 -0.274825 0.498767 -1.570796 0.087647 3.141593
1.410526 -0.237931 0.503525 -1.570796 0.165702 3.141593
1.410526 -0.201187 0.510860 -1.570796 0.225274 3.141593
1.410526 -0.164590 0.520111 -1.570796 0.266896 3.141593
1.410526 -0.128134 0.530613 -1.570796 0.291252 3.141593
1.410526 -0.091815 0.541705 -1.570796 0.298798 3.141593
1.410526 -0.055628 0.552725 -1.570796 0.289567 3.141593
1.410526 -0.019569 0.563009 -1.570796 0.263106 3.141593
1.410526 0.016367 0.571896 -1.570796 0.218515 3.141593
1.410526 0.052186 0.578722 -1.570796 0.154658 3.141593
1.410526 0.087891 0.582825 -1.570796 0.070603 3.141593
1.410526 0.123487 0.583544 -1.570796 -0.033620 -3.141593
1.410526 0.158978 0.580214 -1.570796 -0.156011 -3.141593
1.410526 0.194371 0.572174 -1.570796 -0.291792 -3.141593
1.410526 0.229668 0.558761 -1.570796 -0.433584 -3.141593
1.410526 0.264875 0.539312 -1.570796 -0.572980 -3.141593
1.410526 0.299997 0.513166 -1.570796 -0.702799 -3.141593
1.389474 0.299997 0.513166 -1.570796 -0.702799 -3.141593
1.389474 0.264875 0.539312 -1.570796 -0.572980 -3.141593
1.389474 0.229668 0.558761 -1.570796 -0.433584 -3.141593
1.389474 0.194371 0.572174 -1.570796 -0.291792 -3.141593
1.389474 0.158978 0.580214 -1.570796 -0.156011 -3.141593
1.389474 0.123487 0.583544 -1.570796 -0.033620 -3.141593
1.389474 0.087891 0.582825 -1.570796 0.070603 3.141593
1.389474 0.052186 0.578722 -1.570796 0.154658 3.141593
1.389474 0.016367 0.571896 -1.570796 0.218515 3.141593
1.389474 -0.019569 0.563009 -1.570796 0.263106 3.141593
1.389474 -0.055628 0.552725 -1.570796 0.289567 3.141593
1.389474 -0.091815 0.541705 -1.570796 0.298798 3.141593
1.389474 -0.128134 0.530613 -1.570796 0.291252 3.141593
1.389474 -0.164590 0.520111 -1.570796 0.266896 3.141593
1.389474 -0.201187 0.510860 -1.570796 0.225274 3.141593
1.389474 -0.237931 0.503525 -1.570796 0.165702 3.141593
1.389474 -0.274825 0.498767 -1.570796 0.087647 3.141593
1.389474 -0.311875 0.497248 -1.570796 -0.008681 -3.141593
1.389474 -0.349085 0.499632 -1.570796 -0.121568 -3.141593
1.389474 -0.386459 0.506581 -1.570796 -0.247172 -3.141593
1.368421 -0.386459 0.506581 -1.570796 -0.247172 -3.141593
1.368421 -0.349085 0.499632 -1.570796 -0.121568 -3.141593
1.368421 -0.311875 0.497248 -1.570796 -0.008681 -3.141593
1.368421 -0.274825 0.498767 -1.570796 0.087647 3.141593
1.368421 -0.237931 0.503525 -1.570796 0.165702 3.141593
1.368421 -0.201187 0.510860 -1.570796 0.225274 3.141593
1.368421 -0.164590 0.520111 -1.570796 0.266896 3.141593
1.368421 -0.128134 0.530613 -1.570796 0.291252 3.141593
1.368421 -0.091815 0.541705 -1.570796 0.298798 3.141593
1.368421 -0.055628 0.552725 -1.570796 0.289567 3.141593
1.368421 -0.019569 0.563009 -1.570796 0.263106 3.141593
1.368421 0.016367 0.571896 -1.570796 0.218515 3.141593
1.368421 0.052186 0.578722 -1.570796 0.154658 3.141593
1.368421 0.087891 0.582825 -1.570796 0.070603 3.141593
1.368421 0.123487 0.583544 -1.570796 -0.033620 -3.141593
1.368421 0.158978 0.580214 -1.570796 -0.156011 -3.141593
1.368421 0.194371 0.572174 -1.570796 -0.291792 -3.141593
1.368421 0.229668 0.558761 -1.570796 -0.433584 -3.141593
1.368421 0.264875 0.539312 -1.570796 -0.572980 -3.141593
1.368421 0.299997 0.513166 -1.570796 -0.702799 -3.141593
1.347369 0.299997 0.513166 -1.570796 -0.702799 -3.141593
1.347369 0.264875 0.539312 -1.570796 -0.572980 -3.141593
1.347369 0.229668 0.558761 -1.570796 -0.433584 -3.141593
1.347369 0.194371 0.572174 -1.570796 -0.291792 -3.141593
1.347369 0.158978 0.580214 -1.570796 -0.156011 -3.141593
1.347369 0.123487 0.583544 -1.570796 -0.033620 -3.141593
1.347369 0.087891 0.582825 -1.570796 0.070603 3.141593
1.347369 0.052186 0.578722 -1.570796 0.154658 3.141593
1.347369 0.016367 0.571896 -1.570796 0.218515 3.141593
1.347369 -0.019569 0.563009 -1.570796 0.263106 3.141593
1.347369 -0.055628 0.552725 -1.570796 0.289567 3.141593
1.347369 -0.091815 0.541705 -1.570796 0.298798 3.141593
1.347369 -0.128134 0.530613 -1.570796 0.291252 3.141593
1.347369 -0.164590 0.520111 -1.570796 0.266896 3.141593
1.347369 -0.201187 0.510860 -1.570796 0.225274 3.141593
1.347369 -0.237931 0.503525 -1.570796 0.165702 3.141593
1.347369 -0.274825 0.498767 -1.570796 0.087647 3.141593
1.347369 -0.311875 0.497248 -1.570796 -0.008681 -3.141593
1.347369 -0.349085 0.499632 -1.570796 -0.121568 -3.141593
1.347369 -0.386459 0.506581 -1.570796 -0.247172 -3.141593
1.326316 -0.386459 0.506581 -1.570796 -0.247172 -3.141593
1.326316 -0.349085 0.499632 -1.570796 -0.121568 -3.141593
1.326316 -0.311875 0.497248 -1.570796 -0.008681 -3.141593
1.326316 -0.274825 0.498767 -1.570796 0.087647 3.141593
1.326316 -0.237931 0.503525 -1.570796 0.165702 3.141593
1.326316 -0.201187 0.510860 -1.570796 0.225274 3.141593
1.326316 -0.164590 0.520111 -1.570796 0.266896 3.141593
1.326316 -0.128134 0.530613 -1.570796 0.291252 3.141593
1.326316 -0.091815 0.541705 -1.570796 0.298798 3.141593
1.326316 -0.055628 0.552725 -1.570796 0.289567 3.141593
1.326316 -0.019569 0.563009 -1.570796 0.263106 3.141593
1.326316 0.016367 0.571896 -1.570796 0.218515 3.141593
1.326316 0.052186 0.578722 -1.570796 0.154658 3.141593
1.326316 0.087891 0.582825 -1.570796 0.070603 3.141593
1.326316 0.123487 0.583544 -1.570796 -0.033620 -3.141593
1.326316 0.158978 0.580214 -1.570796 -0.156011 -3.141593
1.326316 0.194371 0.572174 -1.570796 -0.291792 -3.141593
1.326316 0.229668 0.558761 -1.570796 -0.433584 -3.141593
1.326316 0.264875 0.539312 -1.570796 -0.572980 -3.141593
1.326316 0.299997 0.513166 -1.570796 -0.702799 -3.141593
1.305264 0.299997 0.513166 -1.570796 -0.702799 -3.141593
1.305264 0.264875 0.539312 -1.570796 -0.572980 -3.141593
1.305264 0.229668 0.558761 -1.570796 -0.433584 -3.141593
1.305264 0.194371 0.572174 -1.570796 -0.291792 -3.141593
1.305264 0.158978 0.580214 -1.570796 -0.156011 -3.141593
1.305264 0.123487 0.583544 -1.570796 -0.033620 -3.141593
1.305264 0.087891 0.582825 -1.570796 0.070603 3.141593
1.305264 0.052186 0.578722 -1.570796 0.154658 3.141593
1.305264 0.016367 0.571896 -1.570796 0.218515 3.141593
1.305264 -0.019569 0.563009 -1.570796 0.263106 3.141593
1.305264 -0.055628 0.552725 -1.570796 0.289567 3.141593
1.305264 -0.091815 0.541705 -1.570796 0.298798 3.141593
1.305264 -0.128134 0.530613 -1.570796 0.291252 3.141593
1.305264 -0.164590 0.520111 -1.570796 0.266896 3.141593
1.305264 -0.201187 0.510860 -1.570796 0.225274 3.141593
1.305264 -0.237931 0.503525 -1.570796 0.165702 3.141593
1.305264 -0.274825 0.498767 -1.570796 0.087647 3.141593
1.305264 -0.311875 0.497248 -1.570796 -0.008681 -3.141593
1.305264 -0.349085 0.499632 -1.570796 -0.121568 -3.141593
1.305264 -0.386459 0.506581 -1.570796 -0.247172 -3.141593
1.284212 -0.386459 0.506581 -1.570796 -0.247172 -3.141593
1.284212 -0.349085 0.499632 -1.570796 -0.121568 -3.141593
1.284212 -0.311875 0.497248 -1.570796 -0.008681 -3.141593
1.284212 -0.274825 0.498767 -1.570796 0.087647 3.141593
1.284212 -0.237931 0.503525 -1.570796 0.165702 3.141593
1.284212 -0.201187 0.510860 -1.570796 0.225274 3.141593
1.284212 -0.164590 0.520111 -1.570796 0.266896 3.141593
1.284212 -0.128134 0.530613 -1.570796 0.291252 3.141593
1.284212 -0.091815 0.541705 -1.570796 0.298798 3.141593
1.284212 -0.055628 0.552725 -1.570796 0.289567 3.141593
1.284212 -0.019569 0.563009 -1.570796 0.263106 3.141593
1.284212 0.016367 0.571896 -1.570796 0.218515 3.141593
1.284212 0.052186 0.578722 -1.570796 0.154658 3.141593
1.284212 0.087891 0.582825 -1.570796 0.070603 3.141593
1.284212 0.123487 0.583544 -1.570796 -0.033620 -3.141593
1.284212 0.158978 0.580214 -1.570796 -0.156011 -3.141593
1.284212 0.194371 0.572174 -1.570796 -0.291792 -3.141593
1.284212 0.229668 0.558761 -1.570796 -0.433584 -3.141593
1.284212 0.264875 0.539312 -1.570796 -0.572980 -3.141593
1.284212 0.299997 0.513166 -1.570796 -0.702799 -3.141593
1.263159 0.299997 0.513166 -1.570796 -0.702799 -3.141593
1.263159 0.264875 0.539312 -1.570796 -0.572980 -3.141593
1.263159 0.229668 0.558761 -1.570796 -0.433584 -3.141593
1.263159 0.194371 0.572174 -1.570796 -0.291792 -3.141593
1.263159 0.158978 0.580214 -1.570796 -0.156011 -3.141593
1.263159 0.123487 0.583544 -1.570796 -0.033620 -3.141593
1.263159 0.087891 0.582825 -1.570796 0.070603 3.141593
1.263159 0.052186 0.578722 -1.570796 0.154658 3.141593
1.263159 0.016367 0.571896 -1.570796 0.218515 3.141593
1.263159 -0.019569 0.563009 -1.570796 0.263106 3.141593
1.263159 -0.055628 0.552725 -1.570796 0.289567 3.141593
1.263159 -0.091815 0.541705 -1.570796 0.298798 3.141593
1.263159 -0.128134 0.530613 -1.570796 0.291252 3.141593
1.263159 -0.164590 0.520111 -1.570796 0.266896 3.141593
1.263159 -0.201187 0.510860 -1.570796 0.225274 3.141593
1.263159 -0.237931 0.503525 -1.570796 0.165702 3.141593
1.263159 -0.274825 0.498767 -1.570796 0.087647 3.141593
1.263159 -0.311875 0.497248 -1.570796 -0.008681 -3.141593
1.263159 -0.349085 0.499632 -1.570796 -0.121568 -3.141593
1.263159 -0.386459 0.506581 -1.570796 -0.247172 -3.141593
1.242107 -0.386459 0.506581 -1.570796 -0.247172 -3.141593
1.242107 -0.349085 0.499632 -1.570796 -0.121568 -3.141593
1.242107 -0.311875 0.497248 -1.570796 -0.008681 -3.141593
1.242107 -0.274825 0.498767 -1.570796 0.087647 3.141593
1.242107 -0.237931 0.503525 -1.570796 0.165702 3.141593
1.242107 -0.201187 0.510860 -1.570796 0.225274 3.141593
1.242107 -0.164590 0.520111 -1.570796 0.266896 3.141593
1.242107 -0.128134 0.530613 -1.570796 0.291252 3.141593
1.242107 -0.091815 0.541705 -1.570796 0.298798 3.141593
1.242107 -0.055628 0.552725 -1.570796 0.289567 3.141593
1.242107 -0.019569 0.563009 -1.570796 0.263106 3.141593
1.242107 0.016367 0.571896 -1.570796 0.218515 3.141593
1.242107 0.052186 0.578722 -1.570796 0.154658 3.141593
1.242107 0.087891 0.582825 -1.570796 0.070603 3.141593
1.242107 0.123487 0.583544 -1.570796 -0.033620 -3.141593
1.242107 0.158978 0.580214 -1.570796 -0.156011 -3.141593
1.242107 0.194371 0.572174 -1.570796 -0.291792 -3.141593
1.242107 0.229668 0.558761 -1.570796 -0.433584 -3.141593
1.242107 0.264875 0.539312 -1.570796 -0.572980 -3.141593
1.242107 0.299997 0.513166 -1.570796 -0.702799 -3.141593
1.221054 0.299997 0.513166 -1.570796 -0.702799 -3.141593
1.221054 0.264875 0.539312 -1.570796 -0.572980 -3.141593
1.221054 0.229668 0.558761 -1.570796 -0.433584 -3.141593
1.221054 0.194371 0.572174 -1.570796 -0.291792 -3.141593
1.221054 0.158978 0.580214 -1.570796 -0.156011 -3.141593
1.221054 0.123487 0.583544 -1.570796 -0.033620 -3.141593
1.221054 0.087891 0.582825 -1.570796 0.070603 3.141593
1.221054 0.052186 0.578722 -1.570796 0.154658 3.141593
1.221054 0.016367 0.571896 -1.570796 0.218515 3.141593
1.221054 -0.019569 0.563009 -1.570796 0.263106 3.141593
1.221054 -0.055628 0.552725 -1.570796 0.289567 3.141593
1.221054 -0.091815 0.541705 -1.570796 0.298798 3.141593
1.221054 -0.128134 0.530613 -1.570796 0.291252 3.141593
1.221054 -0.164590 0.520111 -1.570796 0.266896 3.141593
1.221054 -0.201187 0.510860 -1.570796 0.225274 3.141593
1.221054 -0.237931 0.503525 -1.570796 0.165702 3.141593
1.221054 -0.274825 0.498767 -1.570796 0.087647 3.141593
1.221054 -0.311875 0.497248 -1.570796 -0.008681 -3.141593
1.221054 -0.349085 0.499632 -1.570796 -0.121568 -3.141593
1.221054 -0.386459 0.506581 -1.570796 -0.247172 -3.141593
1.200002 -0.386459 0.506581 -1.570796 -0.247172 -3.141593
1.200002 -0.349085 0.499632 -1.570796 -0.121568 -3.141593
1.200002 -0.311875 0.497248 -1.570796 -0.008681 -3.141593
1.200002 -0.274825 0.498767 -1.570796 0.087647 3.141593
1.200002 -0.237931 0.503525 -1.570796 0.165702 3.141593
1.200002 -0.201187 0.510860 -1.570796 0.225274 3.141593
1.200002 -0.164590 0.520111 -1.570796 0.266896 3.141593
1.200002 -0.128134 0.530613 -1.570796 0.291252 3.141593
1.200002 -0.091815 0.541705 -1.570796 0.298798 3.141593
1.200002 -0.055628 0.552725 -1.570796 0.289567 3.141593
1.200002 -0.019569 0.563009 -1.570796 0.263106 3.141593
1.200002 0.016367 0.571896 -1.570796 0.218515 3.141593
1.200002 0.052186 0.578722 -1.570796 0.154658 3.141593
1.200002 0.087891 0.582825 -1.570796 0.070603 3.141593
1.200002 0.123487 0.583544 -1.570796 -0.033620 -3.141593
1.200002 0.158978 0.580214 -1.570796 -0.156011 -3.141593
1.200002 0.194371 0.572174 -1.570796 -0.291792 -3.141593
1.200002 0.229668 0.558761 -1.570796 -0.433584 -3.141593
1.200002 0.264875 0.539312 -1.570796 -0.572980 -3.141593
1.200002 0.299997 0.513166 -1.570796 -0.702799 -3.141593
